8E 42 16 02 EE 02 01 03 FA 01 00 01 A4 01 DF 03 02 02 00 00 00 00 00 00 7E
8E 42 16 02 EE 02 01 03 FB 01 00 01 A5 01 D1 03 02 02 00 00 00 00 00 00 7E
8E 42 16 02 EE 02 01 03 FC 01 00 01 A6 01 DE 03 02 02 00 00 00 00 00 00 7E
8E 42 16 02 EE 02 01 03 FD 01 00 01 A7 01 D6 03 02 02 00 00 00 00 00 00 7E
8E 42 16 02 EE 02 01 03 FE 01 00 01 A8 01 DC 03 02 02 00 00 00 00 00 00 7E
8E 42 16 02 EE 02 01 03 FF 01 00 01 A9 01 DA 03 02 02 00 00 00 00 00 00 7E
8E 42 16 02 EE 02 01 03 00 02 00 01 AA 01 D9 03 02 02 00 00 00 00 00 00 7E
8E 42 16 02 EE 02 01 03 01 02 00 01 AB 01 DC 03 02 02 00 00 00 00 00 00 7E
8E 42 16 02 EE 02 01 03 02 02 00 01 AC 01 D5 03 02 02 00 00 00 00 00 00 7E
8E 42 16 02 EE 02 01 03 03 02 00 01 AD 01 D8 03 02 02 00 00 00 00 00 00 7E
8E 42 16 02 EE 02 01 03 04 02 00 01 AE 01 D2 03 02 02 00 00 00 00 00 00 7E
8E 42 16 02 EE 02 01 03 05 02 00 01 AF 01 E0 03 02 02 00 00 00 00 00 00 7E
8E 42 16 02 EE 02 01 03 06 02 00 01 B0 01 D2 03 02 02 00 00 00 00 00 00 7E
8E 42 16 02 EE 02 01 03 07 02 00 01 B1 01 E0 03 02 02 00 00 00 00 00 00 7E
8E 42 16 02 EE 02 01 03 08 02 00 01 B2 01 D3 03 02 02 00 00 00 00 00 00 7E
8E 42 16 02 EE 02 01 03 09 02 00 01 B3 01 DF 03 02 02 00 00 00 00 00 00 7E
8E 42 16 02 EE 02 01 03 0A 02 00 01 B4 01 D4 03 02 02 00 00 00 00 00 00 7E
8E 42 16 02 EE 02 01 03 0B 02 00 01 B5 01 DE 03 02 02 00 00 00 00 00 00 7E
8E 42 16 02 EE 02 01 03 0C 02 00 01 B6 01 D6 03 02 02 00 00 00 00 00 00 7E
8E 42 16 02 EE 02 01 03 0D 02 00 01 B7 01 D6 03 02 02 00 00 00 00 00 00 7E
8E 42 16 02 EE 02 01 03 0E 02 00 01 B8 01 D2 03 02 02 00 00 00 00 00 00 7E
8E 42 16 02 EE 02 01 03 0F 02 00 01 B9 01 CC 03 02 02 00 00 00 00 00 00 7E
8E 42 16 02 EE 02 01 03 10 02 00 01 BA 01 9A 03 02 02 00 00 00 00 00 00 7E
8E 42 16 02 EE 02 01 03 11 02 00 01 BB 01 51 03 02 02 00 00 00 00 00 00 7E
8E 42 16 02 EE 02 01 03 12 02 00 01 BC 01 0B 03 02 02 00 00 00 00 00 00 7E
8E 42 16 02 EE 02 01 03 13 02 00 01 BD 01 EF 02 02 02 00 00 00 00 00 00 7E
8E 42 16 02 EE 02 01 03 14 02 00 01 BE 01 06 03 02 02 00 00 00 00 00 00 7E
8E 42 16 02 EE 02 01 03 15 02 00 01 BF 01 FC 02 02 02 00 00 00 00 00 00 7E
8E 42 16 02 EE 02 01 03 16 02 00 01 C0 01 F9 02 02 02 00 00 00 00 00 00 7E
8E 42 16 02 EE 02 01 03 17 02 00 01 C1 01 ED 02 02 02 00 00 00 00 00 00 7E
8E 42 16 02 EE 02 01 03 18 02 00 01 C2 01 EF 02 02 02 00 00 00 00 00 00 7E
8E 42 16 02 EE 02 01 03 19 02 00 01 C3 01 AB 03 02 02 00 00 00 00 00 00 7E
8E 42 16 02 EE 02 01 03 1A 02 00 01 C4 01 CA 03 02 02 00 00 00 00 00 00 7E
8E 42 16 02 EE 02 01 03 1B 02 00 01 C5 01 C7 03 02 02 00 00 00 00 00 00 7E
8E 42 16 02 EE 02 01 03 1C 02 00 01 C6 01 91 03 02 02 00 00 00 00 00 00 7E
8E 42 16 02 EE 02 01 03 1D 02 00 01 C7 01 A4 03 02 02 00 00 00 00 00 00 7E
8E 42 16 02 EE 02 01 03 1E 02 00 01 C8 01 9D 03 02 02 00 00 00 00 00 00 7E
8E 42 16 02 EE 02 01 03 1F 02 00 01 C9 01 8C 03 02 02 00 00 00 00 00 00 7E
8E 42 16 02 EE 02 01 03 20 02 00 01 CA 01 7C 03 02 02 00 00 00 00 00 00 7E
8E 42 16 02 EE 02 01 03 21 02 00 01 CB 01 5E 03 02 02 00 00 00 00 00 00 7E
8E 42 16 02 EE 02 01 03 22 02 00 01 CC 01 7D 5D 03 02 02 00 00 00 00 00 00 7E
8E 42 16 02 EE 02 01 03 23 02 00 01 CD 01 6C 03 02 02 00 00 00 00 00 00 7E
8E 42 16 02 EE 02 01 03 24 02 00 01 CE 01 CF 03 02 02 00 00 00 00 00 00 7E
8E 42 16 02 EE 02 01 03 25 02 00 01 CF 01 D5 03 02 02 00 00 00 00 00 00 7E
8E 42 16 02 EE 02 01 03 26 02 00 01 D0 01 95 03 02 02 00 00 00 00 00 00 7E
8E 42 16 02 EE 02 01 03 27 02 00 01 D1 01 D4 03 02 02 00 00 00 00 00 00 7E
8E 42 16 02 EE 02 01 03 28 02 00 01 D2 01 CA 03 02 02 00 00 00 00 00 00 7E
8E 42 16 02 EE 02 01 03 29 02 00 01 D3 01 8D 6D 03 02 02 00 00 00 00 00 00 7E
8E 42 16 02 EE 02 01 03 2A 02 00 01 D4 01 D4 03 02 02 00 00 00 00 00 00 7E
8E 42 16 02 EE 02 01 03 2B 02 00 01 D5 01 A9 03 02 02 00 00 00 00 00 00 7E
8E 42 16 02 EE 02 01 03 2C 02 00 01 D6 01 E1 02 02 02 00 00 00 00 00 00 7E
8E 42 16 02 EE 02 01 03 2D 02 00 01 D7 01 05 03 02 02 00 00 00 00 00 00 7E
8E 42 16 02 EE 02 01 03 2E 02 00 01 D8 01 1F 03 02 02 00 00 00 00 00 00 7E
8E 42 16 02 EE 02 01 03 2F 02 00 01 D9 01 E2 02 02 02 00 00 00 00 00 00 7E
8E 42 16 02 EE 02 01 03 30 02 00 01 DA 01 22 03 02 02 00 00 00 00 00 00 7E
8E 42 16 02 EE 02 01 03 31 02 00 01 DB 01 1E 03 02 02 00 00 00 00 00 00 7E
8E 42 16 02 EE 02 01 03 32 02 00 01 DC 01 0B 03 02 02 00 00 00 00 00 00 7E
8E 42 16 02 EE 02 01 03 33 02 00 01 DD 01 0F 03 02 02 00 00 00 00 00 00 7E
8E 42 16 02 EE 02 01 03 34 02 00 01 DE 01 CA 03 02 02 00 00 00 00 00 00 7E
8E 42 16 02 EE 02 01 03 35 02 00 01 DF 01 D2 03 02 02 00 00 00 00 00 00 7E
8E 42 16 02 EE 02 01 03 36 02 00 01 E0 01 C6 03 02 02 00 00 00 00 00 00 7E
8E 42 16 02 EE 02 01 03 37 02 00 01 E1 01 D5 03 02 02 00 00 00 00 00 00 7E
8E 42 16 02 EE 02 01 03 38 02 00 01 E2 01 9C 02 02 02 00 00 00 00 00 00 7E
8E 42 16 02 EE 02 01 03 39 02 00 01 E3 01 49 03 02 02 00 00 00 00 00 00 7E
8E 42 16 02 EE 02 01 03 3A 02 00 01 E4 01 BC 02 02 02 00 00 00 00 00 00 7E
8E 42 16 02 EE 02 01 03 3B 02 00 01 E5 01 60 03 02 02 00 00 00 00 00 00 7E
8E 42 16 02 EE 02 01 03 3C 02 00 01 E6 01 E3 02 02 02 00 00 00 00 00 00 7E
8E 42 16 02 EE 02 01 03 3D 02 00 01 E7 01 C3 02 02 02 00 00 00 00 00 00 7E
8E 42 16 02 EE 02 01 03 3E 02 00 01 E8 01 AB 02 02 02 00 00 00 00 00 00 7E
8E 42 16 02 EE 02 01 03 3F 02 00 01 E9 01 19 03 02 02 00 00 00 00 00 00 7E
8E 42 16 02 EE 02 01 03 40 02 00 01 EA 01 1D 03 02 02 00 00 00 00 00 00 7E
8E 42 16 02 EE 02 01 03 41 02 00 01 EB 01 46 03 02 02 00 00 00 00 00 00 7E
8E 42 16 02 EE 02 01 03 42 02 00 01 EC 01 17 03 02 02 00 00 00 00 00 00 7E
8E 42 16 02 EE 02 01 03 43 02 00 01 ED 01 C3 03 02 02 00 00 00 00 00 00 7E
8E 42 16 02 EE 02 01 03 44 02 00 01 EE 01 C9 03 02 02 00 00 00 00 00 00 7E
8E 42 16 02 EE 02 01 03 45 02 00 01 EF 01 D4 03 02 02 00 00 00 00 00 00 7E
8E 42 16 02 EE 02 01 03 46 02 00 01 F0 01 CA 03 02 02 00 00 00 00 00 00 7E
8E 42 16 02 EE 02 01 03 47 02 00 01 F1 01 B6 03 02 02 00 00 00 00 00 00 7E
8E 42 16 02 EE 02 01 03 48 02 00 01 F2 01 58 03 02 02 00 00 00 00 00 00 7E
8E 42 16 02 EE 02 01 03 49 02 00 01 F3 01 2A 03 02 02 00 00 00 00 00 00 7E
8E 42 16 02 EE 02 01 03 4A 02 00 01 F4 01 E1 02 02 02 00 00 00 00 00 00 7E
8E 42 16 02 EE 02 01 03 4B 02 00 01 F5 01 41 03 02 02 00 00 00 00 00 00 7E
8E 42 16 02 EE 02 01 03 4C 02 00 01 F6 01 94 03 02 02 00 00 00 00 00 00 7E
8E 42 16 02 EE 02 01 03 4D 02 00 01 F7 01 CC 03 02 02 00 00 00 00 00 00 7E
8E 42 16 02 EE 02 01 03 4E 02 00 01 F8 01 D1 03 02 02 00 00 00 00 00 00 7E
8E 42 16 02 EE 02 01 03 4F 02 00 01 F9 01 C2 03 02 02 00 00 00 00 00 00 7E
8E 42 16 02 EE 02 01 03 50 02 00 01 FA 01 D3 03 02 02 00 00 00 00 00 00 7E
8E 42 16 02 EE 02 01 03 51 02 00 01 FB 01 CD 03 02 02 00 00 00 00 00 00 7E
8E 42 16 02 EE 02 01 03 52 02 00 01 FC 01 C8 03 02 02 00 00 00 00 00 00 7E
8E 42 16 02 EE 02 01 03 53 02 00 01 FD 01 57 03 02 02 00 00 00 00 00 00 7E
8E 42 16 02 EE 02 01 03 54 02 00 01 FE 01 0A 03 02 02 00 00 00 00 00 00 7E
8E 42 16 02 EE 02 01 03 55 02 00 01 FF 01 19 03 02 02 00 00 00 00 00 00 7E
8E 42 16 02 EE 02 01 03 56 02 00 01 00 02 A2 03 02 02 00 00 00 00 00 00 7E
8E 42 16 02 EE 02 01 03 57 02 00 01 01 02 C8 03 02 02 00 00 00 00 00 00 7E
8E 42 16 02 EE 02 01 03 58 02 00 01 02 02 C6 03 02 02 00 00 00 00 00 00 7E
8E 42 16 02 EE 02 01 03 59 02 00 01 03 02 C1 03 02 02 00 00 00 00 00 00 7E
8E 42 16 02 EE 02 01 03 5A 02 00 01 04 02 A5 03 02 02 00 00 00 00 00 00 7E
8E 42 16 02 EE 02 01 03 5B 02 00 01 05 02 BF 03 02 02 00 00 00 00 00 00 7E
8E 42 16 02 EE 02 01 03 5C 02 00 01 06 02 D8 03 02 02 00 00 00 00 00 00 7E
8E 42 16 02 EE 02 01 03 5D 02 00 01 07 02 E7 03 02 02 00 00 00 00 00 00 7E
8E 42 16 02 EE 02 01 03 5E 02 00 01 08 02 C4 03 02 02 00 00 00 00 00 00 7E
8E 42 16 02 EE 02 01 03 5F 02 00 01 09 02 B5 03 02 02 00 00 00 00 00 00 7E
8E 42 16 02 EE 02 01 03 60 02 00 01 0A 02 D2 03 02 02 00 00 00 00 00 00 7E
8E 42 16 02 EE 02 01 03 61 02 00 01 0B 02 BA 03 02 02 00 00 00 00 00 00 7E
8E 42 16 02 EE 02 01 03 62 02 00 01 0C 02 C6 03 02 02 00 00 00 00 00 00 7E
8E 42 16 02 EE 02 01 03 63 02 00 01 0D 02 BE 03 02 02 00 00 00 00 00 00 7E
8E 42 16 02 EE 02 01 03 64 02 00 01 0E 02 BA 03 02 02 00 00 00 00 00 00 7E
8E 42 16 02 EE 02 01 03 65 02 00 01 0F 02 30 03 02 02 00 00 00 00 00 00 7E
8E 42 16 02 EE 02 01 03 66 02 00 01 10 02 BD 03 02 02 00 00 00 00 00 00 7E
8E 42 16 02 EE 02 01 03 67 02 00 01 11 02 AE 03 02 02 00 00 00 00 00 00 7E